5301850379
1298304979
6458843451
5761487120
435009958
5681358903
1340911401
5710589441
1654813247
2005341881
5541123297
838898461
5301850379
537890786
1304478373
708444202
586695727
1591958431
990001669
558863870
1781198406
1403860112
1392227260
207931460
5907315598
5658390033
1613521866
1154769829
1365254072
385993330
1093384547
1987891985
5945452535
572050362
1620565832
1161023609
2093522565
247723046
6674555312
5415079724
5578977596
5035490558
824755134
6093425984
2121299460
5060832976
5397568692
5017363868
1465873024
5068487641
1463591506
5501262801
1436348055
806869897
5301079749
5978093267
5822922577
171490616
6567435395
209463533
5974453254
92510222
6478843458
714924738
5818169219
1428458196
2005562757
6148760969
1582417823
6586750577
5691288181
5026623668
430703626
5485014499
2012716231
5049899052
820024451
180550309
1735251386
102792175
496921047
840253555
562949706
6282483928
1779901972
922049555
6339040294
5206572906
6377598607
617341287
981822035
1096423337
240021837
5219504784
1438718195
1793952862
895080671
825145001
2071864530
679191775
5304906542
1659317956
1925081382
1943958845
717649628
579814247
422724234
1004891777
988424145
1476418149
6067530108
1228791935
1125539777
1559891353
1105000839
1048520497
1497545872
6593212036
1402722038
2117919787
1655382470
159442968
6376094474
277653027
5138212111
639619692
6319795780
472248441
598948105
6585954018
5981428531
1418844516
740031996
1483430247
6183900637
1211622277
2107138829
869221701
1040269529
5952375047
5570364506
1904403706
6178166994
1493429122
171683066
1536711768
6168255864
1288643986
884604952
753172544
756452084
5848366046
1200051316
1001125402
5256316913
1479851071
2049567334
168805990
278563803
243846941
375168624
960082202
1068318014
642656473
836270482
1470675251
266793605
1284275011
1047239569
1212073403
1421080609
6492895650
6239153820
1036134947
745756437
1426487810
5015159585
694612502
1616167803
1434565324
1388233316
6083024423
5649588960
6192202210
5856349239
5114610056
267991480
1670677662
1447119407
5067056292
5710259190
1116301845
1153314371
5477197813
1383683405
6421756582
1408795339
6631664440
5028303674
6191793583
1845508392
1822844640
5276210768
1089268444
1688396708
1474075158
872253677
764862009
103907690
1535259306
1274991023
1447735070
2103867048
1335752741
6249643940
877328267
354605933
682273293
2130725985
507476649
951436467
1167145665
1648442972
6249761392
2119186596
6089182271
5311109629
6050359891
1407393685
2110489892
1396357262
5693592488
1897396356
996718304
5117434245
127269929
1692096400
306732487
1436835813
6614293496
300878556
760995377
819385837
160586036
2105731893
6598003778
572518811
1130311830
363588266
6015039617
609082649
2123103025
769192106
5592489438
5955421013
351626077
1861351066
643374533
5021487092
28345189
6551782888
670346103
467207660
531065550
437979886
1461083097
1850704589
651091392
168451853
241927050
1276296860
807594826
1106864234
5664067059
1061026464
1462538619
343471336
5021999875
781991783
65006617
1574499708
1202574819
1268089278
6478261784
336540350
6530459785
6044468524
565042275
1044273959
1374893455
6067174991
1074088897
5342500752
1852101896
710751862
5377289168
440761330
1413376930
6572131786
709727880
5302137187
1936655122
1027252716
1074154878
574573885
151285185
1688885681
1374922164
1123254025
1676997857
6400341387
787206506
5074350934
1105216528
1875782973
1338971120
1301755914
1144329810
1487804198
1026313196
5483304021
5937720004
1607815531
545877322
1365227283
1564805504
533466012
5712169793
5653172994
1473659193
1218270880
5112269022
5397890995
6291708353
1767604915
1141691037
345309595
1225325062
1443840708
6092006363
1858737275
5655087074
6581587226
6328656706
5390879658
5463309876
5134266310
501489067
652726918
1185900194
1040615697
534783269
1490426483
6198223039
1282892578
458445044
957874926
5563697366
2102920281
1042831344
834715093
177243872
860189082
5693728955
5076592627
1426984181
902860625
5828762762
211700092
1352192923
1268931949
459306407
92498788
65801909
5123063072
2122334949
987645827
372273831
6325754997
804776017
1139382169
776589852
756724694
828199947
487076560
1195147296
1577969330
962288815
311699961
5126895322
716856853
4717383
5987951362
719027721
219279388
1265056388
203324477
6642395258
236102410
5576905839
1428733249
771037918
5473130400
1935689033
664481042
704849931
1170391437
1018899127
1111750960
505853449
1491957167
5403448419
6180291544
996089622
5154322968
1570163519
1848919212
713925093
1199131546
1362847537
122514531
688552137
1054360443
1449983150
1094255007
1184586729
1237720153
507535217
314196288
119213181
1790661978
136211204
5248383083
1478739289
1645423351
6216685690
5763179125
433417014
1205051727
899451015
861933610
6444750752
6395112229
552540280
5192603932
5712937227
571706891
1476092397
5623612927
6048316835
1031145627
101151619
6055104339
798684567
773487528
1665600781
124708787
5088376115
1968801051
1782132630
762898397
324862461
6335489165
652071383
1017900373
1839736487
1905451012
123944457
6466034591
1446158444
661281887
6456002213
1030812278
1406952831
5628512313
5426249348
1134426621
902952133
535715080
2118479260
2126744146
479347327
6312239828
2029665527
1287185975
5765976922
1413948269
744880950
5516186048
934487839
669576102
6604785399
417352895
677000944
542134730
5096001550
758851365
5816127698
1063728106
1156744867
1250097686
994693236
1178370871
1643593817
5221309093
382483625
5084531829
2122371016
904522423
783549749
6163067499
791612196
982373927
5362570337
126220688
1432308553
120156360
1472118308
142359458
1035793119
5927824735
5092078395
5105870175
1483892131
5435619665
344391200
336953982
1361694249
6358637968
5200913958
1963874143
833567823
223388556
6134531983
1614848211
1751638891
936319580
5141333377
6609648754
675703914
5237334704
5084073015
5640512077
1760311220
1063110948
1449044757
859137090
923172380
6619721871
1763602302
724315161
1936133958
5792622418
1029621266
5895461589
398776487
1808053231
5093797605
5080513160
6463376041
6602898409
5068912725
6104457334
5362616521
1321032120
1473889955
1075917277
1031370812
6463650354
5478157949
284910136
1100719356
125304786
1778911372
858420868
5446558295
640615145
1498193785
1580186317
1782804038
5462885097
6165968697
6574290850
887379777
5038926298
6256568414
6667163322
614370954
5313539268
1266494425
1422467274
885630849
266215642
1274759406
6306047746
5117365987
364823010
495427776
2716144
2131818235
1397892593
760664241
1132117972
6329985607
990878643
469312942
657196898
1795560541
1455036825
540197791
1213294942
1022902687
851687305
1770526033
1235760981
820725777
635862772
309382016
6277318998
339305588
899324413
559829624
910002913
552740704
541734785
6207012622
5062971545
912181115
5981873366
1402716597
6347782430
1369778259
1395205974
124437706
1477190525
5040468136
2038154390
1300800785
779456617
278347592
824401538
624189558
924079838
836664777
1406852531
671600678
5947057085
1626507084
5718606720
981958619
1896343559
229836419
6592935002
563626992
6601788928
738040714
1168301431
5381570438
6886207541
5062543735
6269794259
648449880
551705826
694435137
466954760
820300082
929139445
6154213442
492230505
6646301327
6609402369
1789578317
1834289732
6007424260
5399539848
638938123
1062944256
758163077
1276717943
1417776480
412450282
1496422082
171523101
1773497685
258748334
1064412461
351545391
5900543767
6433268307
5753883774
1677454541
5712731301
1363435814
650051048
6441575829
223393937
5148302722
92693202
107798475
1357912570
5794364491
5621199082
5217886494
819278984
1448325638
916356536
684084361
1663136501
6019032171
530570424